FREE SPACE MODEL

7000.0 0.0015 10.0 0.0 1.0
-> 0.00179943

5000.0 881.52 8.0 0.0 1.0
-> 502632248.1134 or 5.0263 X 10^8

2034.0 568.21 
-> 2.178 X 10^8

8501 442.26 3.0 9.0 1.0 
-> 1.455 X 10^8

6873 925.87 5.0 29.0 0.9 
-> 2.36517.48 X 10^6

19001 737.9 30.0 15.0 1.0 
-> 1.0138588 X 10^6

5000.0 881.52
-> 3.168 X 10^9


TWO RAY MODEL

5000.0 881.52 8.0 0.0 1.0 100 5 900 1200 -1 
-> 3.962 X 10^8

2034.0 568.21 0.0 0.0 1.0 200 150 670 1010 -1 
-> 1.0033

8501.0 442.26 3.0 9.0 2.0 150 30 402 889 -1
-> 3.254 X 10^7

19001.0 737.9 12.0 15.0 1.0 460 100 829 1200 -1
-> 1.5714

5020.0 425.87 7.0 29.0 1.9 600 120 500 600 -1 
-> 1.279

6873.0 925.87 5.0 29.0 1.9 600 120 500 600 -1 
-> 1.91


LOG DISTANCE MODELS

2.0 5910 5000.0 881.52 8.0 0.0 1.0 4
-> 87.01
-> 91.00

3.0 6700 6873.0 9250.87 5.0 20.0 1.9 1
-> 96.089
-> 97.09

4.0 9000 2034.0 5680.21 0.0 0.0 1.0 2
-> 90.4607
-> 92.470

1.0 8199 8501.0 4420.26 3.0 9.0 2.0 3
-> 104.4758
-> 107.476

3.0 1410 1900.0 737.9 12.0 15.0 1.0 4
-> 59.3546
-> 63.35

2.0 6900 5020.0 425.87 7.0 29.0 1.9 2
-> 55.51
-> 57.51









